T: 0.154891
C: 0.108696
J: 0.0788043
F: 0.0733696
H: 0.0706522
S: 0.0625
G: 0.0597826
O: 0.0543478
B: 0.0434783
P: 0.0407609
M: 0.0326087

A: 0.0271739
N: 0.0271739

I: 0.0244565
Q: 0.0244565

D: 0.0217391
V: 0.0217391

Y: 0.0163043
Z: 0.0163043

E: 0.0108696
W: 0.0108696

R: 0.00815217

L: 0.00543478
X: 0.00543478

K: 0
U: 0
